 VARIABLE =  step , error
         100   2.2913689343129075E-002
         200   1.4064782462628194E-002
         300   1.0501025264530468E-002
         400   8.5635824340422884E-003
         500   7.3177863113457614E-003
         600   6.4122043981059713E-003
         700   5.7163846941366489E-003
         800   5.1647839956192165E-003
         900   4.7135172461190231E-003
        1000   4.3352895464245471E-003
        1100   4.0130221493383158E-003
        1200   3.7344319674661552E-003
        1300   3.4907401452577789E-003
        1400   3.2754773034404374E-003
        1500   3.0836657496384800E-003
        1600   2.9115102794328340E-003
        1700   2.7560606210994135E-003
        1800   2.6149350828690858E-003
        1900   2.4861111347661172E-003
        2000   2.3680177600019434E-003
        2100   2.2593791687260233E-003
        2200   2.1590392724928080E-003
        2300   2.0660718951631303E-003
        2400   1.9796998354419610E-003
        2500   1.8991967240185412E-003
        2600   1.8240568242556129E-003
        2700   1.7536881219067818E-003
        2800   1.6876115657646540E-003
        2900   1.6255685203183257E-003
        3000   1.5670931878883740E-003
        3100   1.5119170124521688E-003
        3200   1.4598240090942733E-003
        3300   1.3617688037958783E-003
        3400   4.3018435573121544E-004
        3500   3.5719000398513656E-004
        3600   3.1742895996948696E-004
        3700   2.8964302240929145E-004
        3800   2.6820953487652224E-004
        3900   2.5075048260042023E-004
        4000   2.3599553590644440E-004
        4100   2.2322326737642538E-004
        4200   2.1199694261334829E-004
        4300   2.0192451541662244E-004
        4400   1.9262292532374405E-004
        4500   1.8414535155045341E-004
        4600   1.7647449520214562E-004
        4700   1.6945719218098117E-004
        4800   1.6300976726652959E-004
        4900   1.5704924632550235E-004
        5000   1.5150282277156233E-004
        5100   1.4632464633352186E-004
        5200   1.4147361056222914E-004
        5300   1.3684865380832634E-004
        5400   1.3190663288898411E-004
        5500   1.2504105398387545E-004
        5600   1.1547088378996865E-004
        5700   1.0529787994128178E-004
        5800   9.6841450978041291E-005
        5900   9.0465078327351341E-005
        6000   8.5611453487795524E-005
        6100   8.1761240692393580E-005
        6200   7.8576493837029620E-005
        6300   7.5850536004791957E-005
        6400   7.3470678057736775E-005
        6500   7.1349432983905536E-005
        6600   6.9414103727025053E-005
        6700   6.7629913530168652E-005
        6800   6.5970212589809546E-005
        6900   6.4408335514179845E-005
        7000   6.2923331376361092E-005
        7100   6.1514386343871629E-005
        7200   6.0170038362978147E-005
        7300   5.8784660426511315E-005
        7400   5.4475848136080392E-005
        7500   4.2466146953025774E-005
        7600   3.3745217428985220E-005
        7700   3.2645885274691176E-005
        7800   3.4598745278749193E-005
        7900   3.6951785578612536E-005
        8000   3.8988507062627041E-005
        8100   4.0601058552776363E-005
        8200   4.1835469581421180E-005
        8300   4.2749618238747685E-005
        8400   4.3400167708405422E-005
        8500   4.3831631725552384E-005
        8600   4.4077529062292963E-005
        8700   4.4171932416996214E-005
        8800   4.4141811084517708E-005
        8900   4.4006016425557839E-005
        9000   4.3781239765794383E-005
        9100   4.3483061828660352E-005
        9200   4.3130177601408835E-005
        9300   4.2730295003799823E-005
        9400   4.2286612011544919E-005
        9500   4.1811288771475655E-005
        9600   4.1312877095186485E-005
        9700   4.0790876331504915E-005
        9800   4.0252452775075686E-005
        9900   3.9698483044763936E-005
       10000   3.9130847917125191E-005
       10100   3.8572561273194598E-005
       10200   3.8171406401665702E-005
       10300   3.7904479914734351E-005
       10400   3.6551678351807489E-005
       10500   3.3850251945481712E-005
       10600   3.0793347065041204E-005
       10700   2.7934529451130877E-005
       10800   2.5416256900925695E-005
       10900   2.3235972573270350E-005
       11000   2.1348505061280900E-005
       11100   1.9710325094839967E-005
       11200   1.8278319060848620E-005
       11300   1.7017573848861177E-005
       11400   1.5901476274882521E-005
       11500   1.4908930464655132E-005
       11600   1.4020371250096906E-005
       11700   1.3222933958518982E-005
       11800   1.2506677470670827E-005
       11900   1.1862634032924847E-005
       12000   1.1282225001076533E-005
       12100   1.0760129324359678E-005
       12200   1.0292424803652330E-005
       12300   9.8712242494002983E-006
       12400   9.4957129358808817E-006
       12500   9.1607281526167381E-006
       12600   8.8642162615700602E-006
       12700   8.6005792611946231E-006
       12800   8.3684093756969972E-006
       12900   8.1648462083254030E-006
       13000   7.9866167434576817E-006
       13100   7.8336008314718990E-006
       13200   7.7003839809219648E-006
       13300   7.5871596939268965E-006
       13400   7.4909577858435817E-006
       13500   7.4120379653719100E-006
       13600   7.3466770706348931E-006
       13700   7.2956780296366521E-006
       13800   7.2553060161533049E-006
       13900   7.2262305646003116E-006
       14000   7.2067138057842983E-006
       14100   7.1956449444428176E-006
       14200   7.1929901218491358E-006
       14300   7.1973444537010340E-006
       14400   7.2058560250565419E-006
       14500   7.1968293551566530E-006
       14600   7.1143554258797483E-006
       14700   6.9136225617448987E-006
       14800   6.6158741298244800E-006
       14900   6.2767389306813948E-006
       15000   5.9425896966742310E-006
       15100   5.6404386019479721E-006
       15200   5.3775629086623557E-006
       15300   5.1573914152888542E-006
       15400   4.9739041135819615E-006
       15500   4.8207373930392734E-006
       15600   4.6901363611468216E-006
       15700   4.5760570104090227E-006
       15800   4.4729008875189207E-006
       15900   4.3768897587904290E-006
       16000   4.2810559236776864E-006
       16100   4.1843588796667705E-006
       16200   4.0831781365572143E-006
       16300   3.9751702402485882E-006
       16400   3.8596709820272665E-006
       16500   3.7331925696962053E-006
       16600   3.5971868665889713E-006
       16700   3.4477239555059927E-006
       16800   3.2845949818688705E-006
       16900   3.1049119934246425E-006
       17000   2.9055114416638848E-006
       17100   2.6840960974289845E-006
       17200   2.4349765686321044E-006
       17300   2.1603455147701880E-006
       17400   1.8791469048091393E-006
       17500   1.6429683659978100E-006
       17600   1.5001111975099324E-006
       17700   1.4479922022735707E-006
       17800   1.4438677312790785E-006
       17900   1.4481113244630453E-006
       18000   1.4468392356884584E-006
       18100   1.4322966965730948E-006
       18200   1.4080800833016545E-006
       18300   1.3768826560706403E-006
       18400   1.3403084801364748E-006
       18500   1.3000947315641173E-006
       18600   1.2570799032473957E-006
       18700   1.2154326028547663E-006
       18800   1.1730951647402493E-006
       18900   1.1303772283755342E-006
       19000   1.0927135239903263E-006
       19100   1.0540500659645689E-006
       19200   1.0181568018026920E-006
       19300   9.8411364328797624E-007
       19400   9.5220694796144038E-007
       19500   9.2285725614773731E-007
       19600   8.9319267608932882E-007
       19700   8.6836724609900746E-007
       19800   8.4334423731040168E-007
       19900   8.2414776343444576E-007
       20000   8.0672062292533510E-007
       20100   7.9148188624829215E-007
       20200   7.7926198814214289E-007
       20300   7.7020538892687100E-007
       20400   7.6184009218117803E-007
       20500   7.5814874627384099E-007
       20600   7.5743770327902029E-007
       20700   7.5389487996998364E-007
       20800   7.5494393691325609E-007
       20900   7.5545779672287445E-007
       21000   7.5938113632752007E-007
       21100   7.6459669119471151E-007
       21200   7.7245798072344920E-007
       21300   7.8245851841067620E-007
       21400   7.9019300608480855E-007
       21500   7.9968067424068932E-007
       21600   8.1363835621699496E-007
       21700   8.2874832970571882E-007
       21800   8.4247226061058999E-007
       21900   8.5035397448044445E-007
       22000   8.5815917955600348E-007
       22100   8.5864588623216901E-007
       22200   8.5706615676665615E-007
       22300   8.5335033557739462E-007
       22400   8.4585370089397032E-007
       22500   8.3337039243736726E-007
       22600   8.2037905631770550E-007
       22700   8.0862313670391481E-007
       22800   7.9335094343946497E-007
       22900   7.8540072238890142E-007
       23000   7.7656223668578225E-007
       23100   7.6863772046919227E-007
       23200   7.6010920370879057E-007
       23300   7.5305999829332273E-007
       23400   7.4741283319043926E-007
       23500   7.3604267767768749E-007
       23600   7.2814910635063660E-007
       23700   7.1920777427621106E-007
       23800   7.0962011713090076E-007
       23900   6.9934047954514162E-007
       24000   6.9046698981783784E-007
       24100   6.8023781047358364E-007
       24200   6.6846105057563087E-007
       24300   6.5759556272295306E-007
       24400   6.4289163807032827E-007
       24500   6.2928624789702222E-007
       24600   6.1679550726577710E-007
       24700   6.0196931296886802E-007
       24800   5.9062767340074708E-007
       24900   5.8078081906882989E-007
       25000   5.7142224875219127E-007
       25100   5.6641978928942373E-007
       25200   5.6316932017725345E-007
       25300   5.6188362738164528E-007
       25400   5.5836365613843028E-007
       25500   5.5692682933445470E-007
       25600   5.5629663151548512E-007
       25700   5.5467030895849077E-007
       25800   5.5065454029016662E-007
       25900   5.5275318854590579E-007
       26000   5.5351482211120310E-007
       26100   5.5425200455005461E-007
       26200   5.5402300812921312E-007
       26300   5.5306277343477439E-007
       26400   5.5352769778049064E-007
       26500   5.5499662786322316E-007
       26600   5.5411908511017040E-007
       26700   5.5505250305615634E-007
       26800   5.5384644261839939E-007
       26900   5.5342162094735790E-007
       27000   5.5395644811921893E-007
       27100   5.5367933091261402E-007
       27200   5.5221196962491136E-007
       27300   5.5303271864477316E-007
       27400   5.5293557469623738E-007
       27500   5.5054431147463944E-007
       27600   5.5108472076159438E-007
       27700   5.5154280555911606E-007
       27800   5.5141320427330287E-007
       27900   5.5193411940425236E-007
       28000   5.5133498805178197E-007
       28100   5.5153581192867742E-007
       28200   5.5193955888646857E-007
       28300   5.5210388758428480E-007
       28400   5.4887500252122681E-007
       28500   5.5132035046670440E-007
       28600   5.5009398821825406E-007
       28700   5.5282505317711423E-007
       28800   5.5092128865607236E-007
       28900   5.5187876119010045E-007
       29000   5.5178819569985114E-007
       29100   5.5049322791520370E-007
       29200   5.5311941170996962E-007
       29300   5.5245309146044699E-007
       29400   5.5095453868444078E-007
       29500   5.5381605564560597E-007
       29600   5.5341170746696162E-007
       29700   5.5379069511203961E-007
       29800   5.5357401800700683E-007
       29900   5.5256562832611007E-007
       30000   5.5381942254569435E-007
       30100   5.5329419854526145E-007
       30200   5.5403579989599575E-007
       30300   5.5384479574212820E-007
       30400   5.5411042790232762E-007
       30500   5.5540972650488366E-007
       30600   5.5699761222247632E-007
       30700   5.5727903715359696E-007
       30800   5.5612677700870496E-007
       30900   5.5705176988395711E-007
       31000   5.5552514824246919E-007
       31100   5.5786370529081716E-007
       31200   5.5565015665757144E-007
       31300   5.5711792619819062E-007
       31400   5.5741436565500578E-007
       31500   5.5802663008703267E-007
       31600   5.5926438400153913E-007
       31700   5.5932099370955093E-007
       31800   5.6037839502010871E-007
       31900   5.5950424437828972E-007
       32000   5.5973767432607496E-007
       32100   5.6110970558264407E-007
       32200   5.5927321532530419E-007
       32300   5.6015253119061293E-007
       32400   5.6017094091926653E-007
       32500   5.6128841693680461E-007
       32600   5.5893057097798106E-007
       32700   5.6043607042862010E-007
       32800   5.5937993608105931E-007
       32900   5.5992309326638916E-007
       33000   5.5727322488283122E-007
       33100   5.6107602046471410E-007
       33200   5.6152329862610639E-007
       33300   5.6147257781645663E-007
       33400   5.6227354338883805E-007
       33500   5.6092833949700409E-007
       33600   5.6238416639924841E-007
       33700   5.6038320185769011E-007
       33800   5.6436502622527627E-007
       33900   5.5970800482612768E-007
       34000   5.6250840729502562E-007
       34100   5.6190981088722348E-007
       34200   5.6278754095645197E-007
       34300   5.6196866884560372E-007
       34400   5.6370940371035393E-007
       34500   5.6260557932013900E-007
       34600   5.6395637629984443E-007
       34700   5.6146713254851242E-007
       34800   5.6421344935223019E-007
       34900   5.6242799602770870E-007
       35000   5.6313165288084841E-007
       35100   5.6279096155574072E-007
       35200   5.6178569403968884E-007
       35300   5.6256318735633395E-007
       35400   5.6439431906718156E-007
       35500   5.6275176156220082E-007
       35600   5.6096582042092064E-007
       35700   5.6357781102575496E-007
       35800   5.6239823345687533E-007
       35900   5.6144646375465619E-007
       36000   5.6093801062892379E-007
       36100   5.6187625735317751E-007
       36200   5.6224300792185543E-007
       36300   5.6099273656649142E-007
       36400   5.6273443940349666E-007
       36500   5.6271378334416796E-007
       36600   5.6167836339932958E-007
       36700   5.6295739992310857E-007
       36800   5.6248556169694405E-007
       36900   5.6135485432411574E-007
       37000   5.6217439631171085E-007
       37100   5.6087403437518418E-007
       37200   5.6074381602699388E-007
       37300   5.6149743629583013E-007
       37400   5.6277238197316209E-007
       37500   5.6018520917602231E-007
       37600   5.6286061935126638E-007
       37700   5.6139808260289525E-007
       37800   5.6017704847748625E-007
       37900   5.6206259988975416E-007
       38000   5.5949398483045798E-007
       38100   5.6183756379667933E-007
       38200   5.6036484849330292E-007
       38300   5.5894041389715826E-007
       38400   5.6280288120557077E-007
       38500   5.6093313996759383E-007
       38600   5.6112860655501095E-007
       38700   5.6092103115663191E-007
       38800   5.6029140515396837E-007
       38900   5.6272135081795523E-007
       39000   5.6172412782757291E-007
       39100   5.6126589474191476E-007
       39200   5.6160132337509200E-007
       39300   5.6030731749121847E-007
       39400   5.6299206005000178E-007
       39500   5.5909936482337933E-007
       39600   5.6161751378570019E-007
       39700   5.6318390974576119E-007
       39800   5.6167574129239180E-007
       39900   5.6281930945056858E-007
       40000   5.6130274414815700E-007
       40100   5.6295972380437061E-007
       40200   5.6317168463423450E-007
       40300   5.6293638686163485E-007
       40400   5.6494602021493297E-007
       40500   5.6318778458798582E-007
       40600   5.6489305477421764E-007
       40700   5.6417725378619428E-007
       40800   5.6297197240155897E-007
       40900   5.6165330465040809E-007
       41000   5.6302519781060394E-007
       41100   5.6181554042764185E-007
       41200   5.6497936148257095E-007
       41300   5.6431668293929706E-007
       41400   5.6410960349296410E-007
       41500   5.6220173018932067E-007
       41600   5.6500748732477566E-007
       41700   5.6177281515443160E-007
       41800   5.6644154199474905E-007
       41900   5.6455534782948388E-007
       42000   5.6461775531535173E-007
       42100   5.6553300872408264E-007
       42200   5.6678599196632835E-007
       42300   5.6762389278676447E-007
       42400   5.6754061695831129E-007
       42500   5.6715327806107200E-007
       42600   5.6880789284486899E-007
       42700   5.6798704983669727E-007
       42800   5.6945284398970331E-007
       42900   5.7011470005141015E-007
       43000   5.6860430647462782E-007
       43100   5.6841142160070291E-007
       43200   5.6797884244687776E-007
       43300   5.7007054993952582E-007
       43400   5.7163163277663279E-007
       43500   5.7402247998649866E-007
       43600   5.7243787033627818E-007
       43700   5.7239755422521657E-007
       43800   5.7466500564354777E-007
       43900   5.7334901806734295E-007
       44000   5.7460436585513823E-007
       44100   5.7410130994119243E-007
       44200   5.7449124074232343E-007
       44300   5.7594621714591806E-007
       44400   5.7413405674639433E-007
       44500   5.7845354534217758E-007
       44600   5.7859408239787020E-007
       44700   5.7750812598823844E-007
       44800   5.8159665087588108E-007
       44900   5.8092804934814295E-007
       45000   5.8075888222325357E-007
       45100   5.8050796040109166E-007
       45200   5.7961137277256243E-007
       45300   5.8183637164408342E-007
       45400   5.8140312762315046E-007
       45500   5.8353725885102666E-007
       45600   5.8559322225343144E-007
       45700   5.8497918209992361E-007
       45800   5.8552075697617038E-007
       45900   5.8695994148580432E-007
       46000   5.8530093075020132E-007
       46100   5.8635049131790268E-007
       46200   5.8687057829133787E-007
       46300   5.8651275330609146E-007
       46400   5.8870404846124231E-007
       46500   5.9029385396269797E-007
       46600   5.9075371878862183E-007
       46700   5.9048619512210129E-007
       46800   5.9279664157085781E-007
       46900   5.9255752206579881E-007
       47000   5.9326113006288640E-007
       47100   5.9019399940163679E-007
       47200   5.8974943984210070E-007
       47300   5.9181349003226508E-007
       47400   5.8875940228772628E-007
       47500   5.9303446385919248E-007
       47600   5.8995401162561526E-007
       47700   5.9195205007921190E-007
       47800   5.9183677289102654E-007
       47900   5.9608201489541290E-007
       48000   5.9539707901812379E-007
       48100   5.9583479499153506E-007
       48200   5.9338234401597326E-007
       48300   5.9707757337280263E-007
       48400   5.9828716894683819E-007
       48500   5.9696594460379895E-007
       48600   5.9640339387561199E-007
       48700   5.9791807363698280E-007
       48800   5.9569419384853524E-007
       48900   5.9655236906347024E-007
       49000   5.9420231292433125E-007
       49100   5.9826907597331900E-007
       49200   5.9927856932063109E-007
       49300   6.0027168835044421E-007
       49400   5.9928506113217551E-007
       49500   5.9973711361879865E-007
       49600   5.9955694191333977E-007
       49700   5.9733591442532174E-007
       49800   5.9768807096361257E-007
       49900   5.9465517986343335E-007
       50000   5.9763990494523331E-007
